0 0
20 2
22 2.2
25 2.6
28 3
34 4
38 5
44 6
49 7
52 8
58 9
60 10
79 15
92 20
106 25
117 30
138 40
157 50
174 60
188 70
202 80
211 90
224 98
227 101
234 107
237 111
245 117
253 124
254 126
257 130
264 136
270 143
278 150
282 155
291 165
298 172
303 180
309 185
313 190
318 194
322 200
332 211
354 240
369 262
384 283
399 302
412 323
427 346
440 367
454 386
468 410
480 433
493 456
500 469
515 488
527 511
533 522
544 544
550 557
561 580
566 591
577 614
582 625
590 647
596 657
601 668
609 690
615 698
619 708
628 733
632 739
638 751
642 760
657 798
666 820
670 831
674 841
678 852
683 863
687 874
695 895
700 905
704 917
712 940
716 950
719 960
726 979
731 990
735 1000
740 1018
744 1027
747 1037
754 1056
758 1065
760 1071
766 1087
768 1095
775 1112
780 1122

