# freq  ant  xfer  nc  l  c
# nc: 0 for hi, 1 for lo

3500 2 1 0 30 56
3525 2 1 0 23 57
3550 2 1 0 14 45
3574 2 1 1  7 27
3600 2 1 1 20 40
3625 2 1 1 29 27
3650 2 1 1 36 17
3675 2 1 1 42 11
3700 2 1 1 48  3
3725 2 1 1 49  0
3750 2 1 0 52 31
3775 2 1 0 50 42
3800 2 1 0 47 52
3825 2 1 0 43 64
3850 2 1 0 40 71
3875 2 1 0 37 74
3900 2 1 0 35 76
3925 2 1 0 33 78
3950 2 1 0 32 74
3975 2 1 0 30 84
4000 2 1 0 28 88

#WWV
5000 2 1 0 0 0

7000 2 1 1 3 4
7050 2 1 1 6 15
7074 2 1 1 9 15
7100 2 1 1 11 9
7125 2 1 1 14 7
7150 2 1 1 15 4
7175 2 1 1 16 0
7200 2 1 0 17 0
7225 2 1 0 18 12
7250 2 1 0 18 17
7275 2 1 0 18 26
7300 2 1 0 16 27

10100 2 1 0 16 2
10150 2 1 0 16 5

14000 1 1 1 0 3
14074 1 1 1 0 4
14150 1 1 1 0 5
14230 1 1 1 0 7
14350 1 1 1 1 9

#WWV
15000 1 1 1 0 0

18066 2 1 0 0 0
18068 2 2 0 0 0
18100 2 2 0 0 0
18168 2 2 0 0 0
18170 2 1 0 0 0

#WWV
20000 1 1 0 0 0

21000 1 1 1 0 13
21025 1 1 1 0 11
21050 1 1 1 0 10
21074 1 1 1 0 10
21100 1 1 1 0 9
21125 1 1 1 0 9
21150 1 1 1 0 9
21175 1 1 1 0 8
21200 1 1 1 0 8
21225 1 1 1 0 7
21250 1 1 1 0 7
21275 1 1 1 0 7
21300 1 1 1 0 6
21325 1 1 1 0 6
21350 1 1 1 0 6
21375 1 1 1 0 5
21400 1 1 1 0 5
21425 1 1 1 0 5
21450 1 1 1 0 4

# dipole
21000 2 1 0 1 6
21025 2 1 0 1 6
21050 2 1 0 1 7
21074 2 1 0 1 8
21100 2 1 0 1 8
21125 2 1 0 1 9
21150 2 1 0 1 9
21175 2 1 0 1 9
21200 2 1 0 1 9
21225 2 1 0 1 8
21250 2 1 0 1 8
21275 2 1 0 0 8
21300 2 1 0 0 8
21325 2 1 0 0 8
21350 2 1 0 0 9
21375 2 1 0 0 9
21400 2 1 0 0 10
21425 2 1 0 0 10
21450 2 1 0 0 9  

24915 1 1 1 2 8
24980 1 1 1 3 7

28000 1 1 1 1 5
28025 1 1 1 0 5
28050 1 1 1 0 5
28074 1 1 1 0 5
28100 1 1 1 0 5
28125 1 1 1 1 5
28200 1 1 1 1 4
28300 1 1 1 1 4
28400 1 1 1 1 4
28500 1 1 1 1 4
28600 1 1 1 1 2
28700 1 1 1 1 3
28900 1 1 1 1 1
29000 1 1 1 1 1
29100 1 1 1 1 0
29200 1 1 1 1 0
29300 1 1 0 2 2
29400 1 1 0 1 1
29500 1 1 0 1 1
29600 1 1 0 1 4
29700 1 1 0 1 5

50020 1 1 0 1 2
50100 1 1 0 1 3
50200 1 1 0 0 1
50313 1 1 0 0 2
